{"val_txt_r1": 72.36, "val_txt_r5": 90.1, "val_txt_r10": 94.9, "val_txt_r_mean": 85.78666666666668,
"val_img_r1": 56.641343462614955, "val_img_r5": 80.53978408636546, "val_img_r10": 87.94482207117153,
 "val_img_r_mean": 75.04198320671732, "val_r_mean": 80.414324936692, "test_txt_r1": 70.54, "test_txt_r5": 90.32, "test_txt_r10": 94.42, "test_txt_r_mean": 85.09333333333335, "test_img_r1": 56.36545381847261, "test_img_r5": 80.33986405437825, "test_img_r10": 87.43702518992403, "test_img_r_mean": 74.7141143542583, "test_r_mean": 79.90372384379583}
