{"val_txt_r1": 75.24, "val_txt_r5": 92.24, "val_txt_r10": 96.12, "val_txt_r_mean": 87.86666666666667,
"val_img_r1": 58.04078368652539, "val_img_r5": 81.90323870451819, "val_img_r10": 89.13634546181527,
"val_img_r_mean": 76.36012261761961, "val_r_mean": 82.11339464214313,
 "test_txt_r1": 73.68, "test_txt_r5": 91.64, "test_txt_r10": 95.64, "test_txt_r_mean": 86.98666666666666,
 "test_img_r1": 58.17672930827669, "test_img_r5": 81.68332666933227, "test_img_r10": 88.70051979208317, "test_img_r_mean": 76.18685858989738, "test_r_mean": 81.58676262828203}
