{"val_txt_r1": 91.42011834319527, "val_txt_r5": 97.534516765286, "val_txt_r10": 98.91518737672584, "val_txt_r_mean": 95.95660749506904,
"val_img_r1": 79.30966469428007, "val_img_r5": 94.06311637080867, "val_img_r10": 96.44970414201184, "val_img_r_mean": 89.94082840236688,
"val_r_mean": 92.94871794871796,
 "test_txt_r1": 89.9, "test_txt_r5": 98.8, "test_txt_r10": 99.7, "test_txt_r_mean": 96.13333333333333,
  "test_img_r1": 80.34, "test_img_r5": 94.9, "test_img_r10": 97.12, "test_img_r_mean": 90.78666666666668, "test_r_mean": 93.46000000000001}
